26.354741
35.831973
40.167891
71.718914
85.865606
98.356812
115.618486
121.888893
129.603774
19.772229
23.899133
37.517951
42.085297
52.769376
79.708276
99.289470
114.233113
124.951872
129.432237
150.148092
4.636979
15.396245
27.335594
45.657091
50.682418
79.387466
80.829252
92.834837
95.731296
114.450578
114.947642
0.982128
5.343571
8.239960
15.541810
24.112958
29.688580
32.662910
35.753869
44.534591
54.433712
66.220083
121.000007
122.401998
134.443518
139.148466
143.908016
149.641939
1.694237
9.272051
