76.527766
23.899133
95.731296
27.335594
51.141342
92.834837
42.085297
4.043590
63.312715
1.694237
10.093232
87.334369
30.499519
5.343571
35.831973
80.120751
44.534591
42.853966
0.982128
7.871403
79.708276
9.272051
35.753869
45.657091
71.718914
1.082354
24.309833
52.769376
80.275131
23.753392
66.220083
1.694237
50.682418
19.772229
15.396245
61.817286
54.821884
15.541810
30.190399
124.261080
85.865606
99.289470
37.517951
84.900192
37.800908
79.387466
9.272051
40.167891
80.829252
26.354741
24.112958
68.014763
32.662910
54.313843
4.636979
29.688580
53.286888
98.356812
61.945225
77.440313
36.047063
54.433712
8.239960
